0.999998 -0.000485832 0.00191906 0.000488406 0.999999 -0.0013412 -0.0019184 0.00134214 0.999997 0.0496125 -0.168098 0.0312943
0.999581 -0.0197934 0.0211358 0.0202664 0.999544 -0.0224045 -0.0206827 0.0228234 0.999526 0.0525501 -0.167623 0.027377
0.999995 -0.000103977 0.00312701 0.000106563 1 -0.000826949 -0.00312692 0.000827278 0.999995 0.0493845 -0.168691 0.0319122
0.999992 -0.00027558 0.00392261 0.000282168 0.999999 -0.00167912 -0.00392214 0.00168022 0.999991 0.0492288 -0.168905 0.0320402
0.999994 0.000647763 0.00352067 -0.000640812 0.999998 -0.00197501 -0.00352195 0.00197274 0.999992 0.0488963 -0.168927 0.0320926
0.999987 0.00164422 0.0048419 -0.00160752 0.99997 -0.00757321 -0.0048542 0.00756533 0.99996 0.0461709 -0.169295 0.0309448
0.999993 0.00180984 0.00339818 -0.00179986 0.999994 -0.00293662 -0.00340348 0.00293048 0.99999 0.0477007 -0.16895 0.0324068
0.999995 0.000564546 0.00303302 -0.000553337 0.999993 -0.00369521 -0.00303509 0.00369351 0.999989 0.0478686 -0.168752 0.0322889
0.999995 0.00194879 0.00237408 -0.00193671 0.999985 -0.00507823 -0.00238394 0.00507361 0.999984 0.0475019 -0.168689 0.0320211
0.999999 0.000593211 0.00157255 -0.00058426 0.999984 -0.00568662 -0.0015759 0.00568569 0.999983 0.0476896 -0.168345 0.0318028
1 0.000402443 0.000750608 -0.000398488 0.999986 -0.00526111 -0.000752715 0.00526081 0.999986 0.0477617 -0.168137 0.0317991
1 -0.00029737 -0.000331796 0.000295604 0.999986 -0.00531065 0.00033337 0.00531055 0.999986 0.0479248 -0.167757 0.0314475
0.999999 -9.49414e-05 -0.00130476 8.8724e-05 0.999989 -0.00476446 0.00130519 0.00476434 0.999988 0.0480364 -0.167747 0.0313665
0.999997 -0.00219963 0.000986214 0.00220369 0.999989 -0.00413594 -0.000977106 0.0041381 0.999991 0.0486857 -0.167669 0.00661306
0.999997 -0.00242737 -0.000434997 0.00242513 0.999984 -0.00508459 0.000447332 0.00508352 0.999987 0.0444933 -0.160774 0.0308192
0.999998 -0.000401299 -0.00210126 0.000398502 0.999999 -0.00133128 0.00210179 0.00133044 0.999997 0.0489842 -0.167249 0.0310807
0.999993 -0.00243091 -0.00280322 0.00242882 0.999997 -0.000747697 0.00280503 0.000740883 0.999996 0.0505489 -0.167896 0.0312954
0.999999 -0.00061871 -0.000932118 0.000617928 0.999999 -0.000839268 0.000932637 0.000838691 0.999999 0.0493338 -0.167516 0.0311663
0.999999 -0.000823603 -0.000708568 0.000823756 1 0.000215966 0.00070839 -0.00021655 1 0.0471752 -0.168836 0.0311387
0.999999 -0.00143182 -5.87007e-05 0.00143182 0.999999 2.65824e-05 5.86625e-05 -2.66664e-05 1 0.0497418 -0.167896 0.0314625
