-0.9603056 -0.2789500 0   0.2789500 -0.9603056 0  0 0 1   3.56842   22.03209   0.01470
-0.8271915 -0.5619200 0   0.5619200 -0.8271915 0  0 0 1   10.20056   19.85667   0.01810
-0.6128125 -0.7902283 0   0.7902283 -0.6128125 0  0 0 1   15.84327   15.72756   0.01320
-0.3392788 -0.9406859 0   0.9406859 -0.3392788 0  0 0 1   19.91867   10.07474   0.02180
-0.0324975 -0.9994718 0   0.9994718 -0.0324975 0  0 0 1   22.04537   3.43645   0.01730
0.2777961 -0.9606401 0   0.9606401  0.2777961 0  0 0 1   22.02883  -3.54028   0.01580
0.5613949 -0.8275480 0   0.8275480  0.5613949 0  0 0 1   19.85960  -10.18455   0.01090
0.7897193 -0.6134683 0   0.6134683  0.7897193 0  0 0 1   15.73905  -15.82720   0.01330
0.9406773 -0.3393025 0   0.3393025  0.9406773 0  0 0 1   10.07559  -19.92037   0.00840
0.9994823 -0.0321748 0   0.0321748  0.9994823 0  0 0 1   3.42975  -22.05299   0.01130
0.9604521  0.2784451 0  -0.2784451  0.9604521 0  0 0 1  -3.55638  -22.03080   0.00320
0.8273922  0.5616246 0  -0.5616246  0.8273922 0  0 0 1  -10.18710  -19.84750   0.01030
0.6133548  0.7898075 0  -0.7898075  0.6133548 0  0 0 1  -15.82193  -15.72832   0.01520
0.3391372  0.9407369 0  -0.9407369  0.3391372 0  0 0 1  -19.90624  -10.06409   0.00900
0.0318130  0.9994938 0  -0.9994938  0.0318130 0  0 0 1  -22.04322  -3.42035   0.01060
-0.2786095  0.9604045 0  -0.9604045 -0.2786095 0  0 0 1  -22.02603   3.55955   0.01150
-0.5616863  0.8273503 0  -0.8273503 -0.5616863 0  0 0 1  -19.85498   10.19093   0.02460
-0.7896317  0.6135811 0  -0.6135811 -0.7896317 0  0 0 1  -15.73758   15.82020   0.03490
-0.9408044  0.3389499 0  -0.3389499 -0.9408044 0  0 0 1  -10.06427   19.91523   0.01430
-0.9994938  0.0318131 0  -0.0318131 -0.9994938 0  0 0 1  -3.42115   22.04836   0.01310
